test2
from lenovo 1
from lenovo 2
from web 1
fx: 3/23/2017 18:40
fx: 3/23/2017 18:45
fx: 3/23/2017 18:46
